2 2 50
2 5 109
2 3 53
2 3 91
3 2 40
3 4 25
3 4 78
4 3 70
4 3 86
4 3 94
4 5 124
1 1 45
2 4 28
3 1 38
3 1 67
4 4 110
4 5 45
1 4 110
1 2 114
1 3 62
1 5 79
2 3 62
2 5 110
2 2 27
2 4 45
4 3 103
1 4 35
1 2 41
1 4 116
1 4 43
2 2 38
2 2 46
2 3 55
3 3 25
4 4 82
1 4 124
1 5 119
1 1 85
2 4 124
2 1 29
3 2 116
3 1 80
3 1 60
3 4 105
4 2 93
1 1 101
1 5 59
1 2 85
2 4 76
2 2 90
2 1 83
2 5 90
3 5 111
3 5 57
3 5 61
4 5 101
4 5 91
4 5 42
4 2 78
1 3 81
1 2 85
1 5 37
1 1 39
2 4 123
2 4 93
3 3 106
4 5 106
4 3 83
4 1 79
4 1 110
1 2 113
1 4 92
2 3 52
2 1 88
2 3 76
3 1 26
3 1 58
4 2 123
4 2 53
4 1 98
1 5 109
1 1 25
1 3 113
2 2 94
3 1 29
2 3 50
2 2 83
2 3 41
3 4 108
3 5 44
3 3 66
4 5 111
4 3 89
4 4 96
1 1 40
1 3 85
2 5 110
2 5 64
2 4 29
2 2 61
3 5 120
3 4 53
3 4 117
3 1 86
4 1 91
4 3 67
4 4 63
1 1 26
2 1 116
2 1 48
2 2 79
2 5 44
3 2 40
4 2 113
4 5 36
4 3 104
1 5 120
3 1 66
3 1 66
4 3 122
4 1 38
4 3 78
4 3 83
1 1 103
1 5 84
1 5 84
1 4 91
2 4 82
2 4 99
3 1 83
3 2 33
3 3 89
3 1 113
4 2 99
4 2 116
4 5 124
4 4 93
1 5 65
2 3 106
2 4 60
2 3 80
3 5 45
1 3 54
1 4 87
1 3 99
2 4 99
2 1 98
3 1 65
3 1 74
4 3 110
4 3 79
4 4 69
3 1 71
3 2 85
2 4 85
2 5 28
3 2 27
3 5 103
3 2 107
3 1 27
4 1 121
4 1 121
4 5 119
4 3 109
1 1 42
1 4 120
1 3 31
1 1 104
2 1 89
3 3 115
3 3 119
3 4 25
1 1 107
2 3 48
2 4 61
4 3 34
4 1 46
4 2 44
1 5 75
1 3 81
2 2 117
2 5 91
3 3 78
3 3 48
3 3 121
3 3 76
4 3 37
4 5 40
1 4 36
1 1 50
1 5 82
1 1 92
2 1 74
2 5 100
3 4 121
3 1 52
4 3 65
4 5 44
4 3 30
1 2 44
1 2 74
1 2 62
1 4 79
3 3 67
3 5 28
4 3 73
4 4 86
2 2 90
2 4 43
4 2 42
4 3 100
4 3 92
1 4 54
1 4 90
3 1 73
3 1 106
1 4 29
2 2 67
3 1 76
3 4 32
4 2 68
4 5 74
4 2 110
4 3 81
1 5 93
1 4 91
1 4 58
2 2 91
3 2 92
3 4 34
3 1 30
4 1 35
4 5 49
2 2 100
2 5 118
3 1 108
3 1 114
4 3 113
4 3 75
4 1 57
